$ANSIBLE_VAULT;1.1;AES256
35353037356661646439343664613766643431336534613936383763363136393266393530343764
6233383439343538623265316239373235666638616565610a636638666466333761306136633839
61613030323862373236376432333564653536363762333232383762613333623233363036613938
3333373437623962330a626665616637323832326337646233646533666138336233626438356535
34646166396632633535333839623434303739656634356136396632396431363963333436383337
35663530613138363364326137303037306666633930333632393364333435346133356530383732
39366631643266616533396332353233396436626165396337616237663665613966336333333461
32623538646261323266353031303133613931393737623136303265336538346561313864656135
33626130363832376332326264323136616661613935396466613037363762326633376431623137
31633766663536383163326164386437333133333237666137636331623131636630643531653334
35323130323938613361656465336331623134366234303236346462313665323133323835343431
66316563326435393331636335313730353864313664376132393134346336386230663833316132
63393961323834336534376566353366353934333230396131623562663531346662396537623139
39316530353666396330313138343730623466613436383531633635303264636464323062656334
62366537663836366661333564626163386136333538343466333230663466663234666239666561
66323936623037323037
