$ANSIBLE_VAULT;1.1;AES256
31366462303136646336663030393266643332356462633833366638376665346333633634346435
6534363536316638373461666466656438643465323963370a613463623931666339336337646137
37616131356632313965316238323430666665363237383264376339646137393863333462353737
3837333132656638310a663165363836613138313037396434346431663464383230316262333164
38326531383530376664373031633665343834386239373335333539396365383563386166343265
38333139393566383537626438373037626133373634326337646539663461323136643461663631
31333464626332353439356238373866373931326537376535313063666134346236653433313864
61393130313161636430653163376165626335343035356435666634336534383830613334363035
32623234336462613933613538643734386131646437383939303266373663396438626432323031
34333332613532303132633233613161346437303737643763396331323037373037383664366331
32636261333535303964313135613962613366643636333834353035353061636561363030373235
61393338356333383730636137316263303764633130666237343831393434306239613863353839
66333062623237343032353465313332323639393431313861633961356164613861633264343538
30613033663462373063333030336365623735616361313135386532663736623663323030653764
66643439303638373239643366356565346262383530343335633937386266613662316332613262
38313136656139306662393030326334396434653437323662646638653239636238333461306336
66373335343863653461346233653533613330336137613165373064666437316562623836356463
31353338666566303063303639646165633930346435383363613762616132323762636139613037
63666261383935623330623762633061653463386130613434623939363861346539366165333832
37613563363161383362326433646335636262396538626566313731396665633633316366353366
37386463656365313334386562313534643765323038373964383538303733396332343236333737
66633862333133363665303136643764326239356438323065653834346435643766396135373432
64393339313637313237303564656563386162666533363164653966376561346138326437333933
61393437623762336164363334333962616335656438643838363730333265356665306635313630
63313139626363346137623730653137646236376231666137663632626434363036
